3
-0.5 -0.3 -0.4
0.2
0.64 1 0.64
0.5
0
0
6

0.2 0.4 -0.4
0.2
0.83 0.35 0.35
0.5
0
0
6

-0.4 0.3 -0.1
0.1
0.87 0.63 1
0.5
0
0
6

4

2 0 0
2.1 2.1 2.1
0.5 0.5 0.5
0.5
0.8
0.8
15000

-2 0 0
2.1 2.1 2.1
0.5 0.5 0.5
0.5
0.8
0.8
15000

0 0 2
2.1 2.1 2.1
0.5 0.5 0.5
0.5
0.8
0.8
15000

0 0 -2
2.1 2.1 2.1
0.5 0.5 0.5
0.5
0.8
0.8
15000

1

0 1 0
1
1 0.8 0.8
0.6
0
0
4

0

1
0 10 0
1
1 1 1


0.9 0.2 0.9
-1 0 -1

0.001
10000
50

1024
1024
2
2

0.00001

10
10
0.8 0.8 0.8